Annoyance:	nan
Awe/Sublime:	0.16666666666666666
Beauty/Joy:	0.48874598070739556
Humor:	nan
Nostalgia:	nan
Sadness:	0.4869565217391305
Suspense:	nan
Uneasiness:	0.6451612903225806
Vitality:	0.1639344262295082
O:	1.0
[[ 0.  0.  0.  0.  0.  0.  0.  0.  0.  0.]
 [ 0.  3.  2.  0.  0.  2.  0.  1.  1.  0.]
 [ 0.  5. 76.  5.  4.  5. 62. 15. 34.  0.]
 [ 0.  4.  0.  0.  3.  0.  0.  0.  0.  0.]
 [ 0.  0.  0.  0.  0.  0.  0.  0.  0.  0.]
 [ 0. 14. 20.  0.  0. 28.  0.  2.  6.  0.]
 [ 0.  0.  2.  0.  0.  2.  0.  0.  1.  0.]
 [ 0.  1.  0.  0.  1.  8.  1. 30.  4.  0.]
 [ 0.  0.  5.  0.  0.  0.  0.  0.  5.  0.]
 [ 0.  0.  0.  0.  0.  0.  0.  0.  0. 78.]]
Dev-Data: Prec: 0.363, Rec: 0.353, F1: 0.3279

Annoyance:	0.04545454545454545
Awe/Sublime:	0.12068965517241378
Beauty/Joy:	0.3726346433770015
Humor:	0.2857142857142857
Nostalgia:	nan
Sadness:	0.2467866323907455
Suspense:	0.1452513966480447
Uneasiness:	0.25870646766169153
Vitality:	0.19469026548672566
O:	1.0
[[  1.   0.   0.   0.   0.   0.   0.   0.   0.   0.]
 [ 26.   7.  25.   2.   0.  13.  14.   2.   1.   0.]
 [  1.   4. 128.   9.  10.  82.  70.  92.  55.   0.]
 [  1.   0.   1.  10.   1.  11.  12.   3.   0.   0.]
 [  0.   0.   0.   0.   0.   0.   0.   0.   0.   0.]
 [ 14.  14.  63.   5.   2.  48.  27.  32.  15.   0.]
 [  0.   0.  13.   2.   0.   2.  13.   5.   4.   0.]
 [  0.   0.   5.   0.   0.   4.   4.  26.   0.   0.]
 [  0.   1.   1.   3.   0.   9.   0.   2.  11.   0.]
 [  0.   0.   0.   0.   0.   0.   0.   0.   0. 206.]]
Test-Data: Prec: 0.424, Rec: 0.282, F1: 0.2670
