Annoyance:	0.596774193548387
Awe/Sublime:	0.21739130434782608
Beauty/Joy:	0.3867924528301887
Humor:	nan
Nostalgia:	nan
Sadness:	0.2790697674418605
Suspense:	0.3508771929824561
Uneasiness:	0.3148148148148148
Vitality:	0.26785714285714285
O:	1.0
[[37.  9.  4.  0.  0.  0.  0.  0.  6.  0.]
 [ 3.  5.  0.  0.  0.  2.  2.  7.  0.  0.]
 [ 6. 10. 41.  0.  5. 14.  7. 16. 22.  0.]
 [ 1.  0.  0.  0.  0.  0.  0.  1.  0.  0.]
 [ 1.  1.  2.  0.  0.  0.  0.  0.  6.  0.]
 [ 5.  2. 23.  0. 12. 18.  3.  8. 11.  0.]
 [ 1.  0.  7.  0.  5.  0. 10.  6.  0.  0.]
 [ 2.  0.  5.  1.  4.  9.  5. 17.  2.  0.]
 [12.  0.  9.  0.  1.  4.  1.  8. 15.  0.]
 [ 0.  0.  0.  0.  0.  0.  0.  0.  0. 99.]]
Dev-Data: Prec: 0.350, Rec: 0.343, F1: 0.3414

Annoyance:	0.03389830508474576
Awe/Sublime:	0.25
Beauty/Joy:	0.47676767676767673
Humor:	0.2278481012658228
Nostalgia:	nan
Sadness:	0.12274368231046931
Suspense:	0.06521739130434782
Uneasiness:	0.5323383084577114
Vitality:	0.24338624338624337
O:	1.0
[[  1.   4.   7.   2.   0.   3.   0.   1.   5.   0.]
 [  1.  10.   5.   7.   0.   6.   0.   3.   4.   0.]
 [  0.   6. 118.  10.   0.  42.  13.  46.  46.   0.]
 [  0.   0.   1.   9.   0.   1.   4.   3.   0.   0.]
 [  0.   4.   4.   0.   0.   2.   0.   2.   3.   0.]
 [ 24.   7.  38.  15.   2.  17.  15.  55.  17.   0.]
 [  5.   0.   0.   6.   0.   7.   3.  23.   0.   0.]
 [  1.   3.  17.   2.   0.   7.  12. 107.  10.   0.]
 [  4.  10.  24.  10.   4.   2.   1.   3.  23.   0.]
 [  0.   0.   0.   0.   0.   0.   0.   0.   0. 197.]]
Test-Data: Prec: 0.336, Rec: 0.287, F1: 0.2952