Annoyance:	nan
Awe/Sublime:	0.2278481012658228
Beauty/Joy:	0.5283018867924528
Humor:	nan
Nostalgia:	0.2105263157894737
Sadness:	0.25
Suspense:	0.14285714285714288
Uneasiness:	0.2978723404255319
Vitality:	0.12765957446808512
O:	1.0
[[ 0.  3.  0.  0.  0.  3.  0.  0.  0.  0.]
 [ 0.  9.  4.  0.  0.  0.  0.  0.  4.  0.]
 [15. 24. 70.  0.  6.  7.  1.  0. 26.  0.]
 [ 0.  1.  1.  0.  0.  4.  0.  0.  2.  0.]
 [ 0.  3.  2.  0.  2.  0.  0.  0.  0.  0.]
 [ 0.  0.  5.  0.  0.  6.  0.  0.  0.  0.]
 [ 0.  3.  0.  0.  3.  1.  1.  2.  0.  0.]
 [ 9.  8. 18.  1.  1. 12.  1. 14. 14.  0.]
 [ 1. 11. 16.  3.  0.  4.  1.  0.  6.  0.]
 [ 0.  0.  0.  0.  0.  0.  0.  0.  0. 84.]]
Dev-Data: Prec: 0.325, Rec: 0.332, F1: 0.2785

Annoyance:	0.22222222222222224
Awe/Sublime:	0.12820512820512822
Beauty/Joy:	0.3740740740740741
Humor:	0.0909090909090909
Nostalgia:	nan
Sadness:	0.013513513513513514
Suspense:	0.052631578947368425
Uneasiness:	0.4410876132930514
Vitality:	0.1988950276243094
O:	1.0
[[  2.   5.   1.   0.   0.   0.   1.   0.   5.   0.]
 [  2.   5.   5.   1.   1.   4.   0.   1.   4.   0.]
 [  0.  29. 101.   2.  23.  63.  32.  16.  62.   0.]
 [  0.   3.  17.   2.   0.   4.   7.   0.   3.   0.]
 [  0.   1.   2.   0.   0.   1.   0.   0.   2.   0.]
 [  0.   0.   3.   1.   1.   1.   0.   7.   0.   0.]
 [  0.   1.  10.   0.   2.   4.   3.   1.   0.   0.]
 [  0.   4.  53.   0.   3.  38.  46.  73.  12.   0.]
 [  0.   7.  20.   2.   0.  20.   4.   4.  18.   0.]
 [  0.   0.   0.   0.   0.   0.   0.   0.   0. 150.]]
Test-Data: Prec: 0.250, Rec: 0.324, F1: 0.2522